         111
   0.0000000000000000        0.0000000000000000        0.0000000000000000        0.0000000000000000     
   788.61676202735862        1871.8867581187321        2038.9765296240660        2207.9782489344402     
   2171.0851754225782        3657.9847842457880        3599.5111813872427        3697.5574585893751     
   3676.1911999962713        5006.9644595483387        4953.8057947367042        5062.8879448601783     
   5345.1727553098463        6767.2973849374603        6767.5085874073520        6902.9106857171982     
   7259.0366688209378        8908.2030495585277        8911.3109227767363        9069.2558072225238     
   9516.7995781578229        11325.363535217826        11321.476211744866        11486.643618473925     
   12090.157120414211        14079.031014163631        14101.622991760520        14298.077137574661     
   14989.603461835510        17164.619172055915        17197.077037336636        17411.988704908068     
   18209.417681543808        20539.031748997619        20588.525234053293        20825.326076287824     
   21734.014798946930        24209.011790179789        24287.209208719920        24547.083634078466     
   25551.660464605717        28163.496385552477        28270.437506797472        28553.054568845979     
   29651.697077058823        32391.292421883620        32536.824241961644        32841.565194707502     
   34013.861308149375        36867.384163072893        37053.486848191642        37378.861534693191     
   38614.441254435085        41563.370780494224        41795.768891389605        42140.556763565415     
   43423.082463286039        46445.644253408478        46718.718546066935        47088.672606178079     
   48423.872358234410        51521.212478113666        51854.876245630505        52245.684258005982     
   53582.168669836414        56730.015343985258        57105.625417739742        57515.747746541500     
   58876.279006847661        62071.346965159435        62498.304733689918        62933.132578631608     
   64230.483238999404        67429.107831252957        67845.684928319257        68302.624565382561     
   69682.645213087089        72982.476419085069        73409.947067563815        73889.873776202599     
   75142.950067513681        78530.725489352131        78691.111492353157        79243.251700316134     
   80638.724587400822        84211.332825331177        84254.059157147261        84816.457875606269     
   86110.670601926337        89701.805437676841        89568.646203858691        90152.923549111103     
   91654.947566347182        95091.960040911188        95254.169080019594        95825.550231077548     
   97204.423966152011        100165.70500147404        100589.49191362185        101166.48882597826     
   102698.63945492756        105262.65188198561        106007.20944576045        106550.87648000769     
   107956.83291745039        110494.62132828894        110851.40322026856        111408.76562610599     
   112994.07543703633        116122.64870125754        115822.21857447643        116379.66312796397     
   117957.95249156088        121267.69312990396        120825.18071430456        121430.63399439486     
   122963.93844182213        125993.99910239840        126039.99914700726        126637.29109277978     
   127858.14675915228        130454.87953519032        130655.97414257220        131203.53119796838     
   132618.64584773569        135071.28872605404        135213.79840149055        135738.03305052855     
   137261.55938002860        139288.06700620530        139416.80138969579        140063.29736219259     
   141807.51520177975        143411.80075032677        143994.15711559457        144595.83282658819     
   146093.00390944062        147589.83281984922        147919.25124662317        148412.41572371687     
   150156.50191268339        151713.14551007934        152214.56895983816        152563.68743392246     
   154122.79149106471        155302.38866676035        156052.45516366180        156371.78357334016     
   157999.77493135221        158913.12405052656        159896.68573025256        160293.31655255964     
   161622.08544719269        162541.99621800514        163032.26688155209        163519.75045554648     
   165070.02225665119        166115.07609365720        166718.47494464184        167116.35170756676     
   168427.85375627055        169287.17788758606        169967.97776270719        170291.39485838177     
   171653.83966057468        172431.96609080172        173155.03456732145        173531.62370926235     
   174655.67160727095        175308.01054995906        175853.82442873906        176288.22214561308     
   177566.79835203293        178057.57118558831        178935.08272304357        179405.23079804605     
   180346.21205586055        180567.95096252282        181342.90274897328        181848.41098801547     
   182972.92458868420        183302.83677138013        183887.98150167087        184401.80648712470     
   185416.06496322883        185743.24132669583        185976.27076429708        186531.44029120254     
   187743.66053059811        187926.83899086280        188375.18872626079        188873.82454935351     
   189860.46661538162        189860.24942850875        190276.48444401726        190689.63097538994     
   191815.55358773094        191936.31136654093        192326.74726844282        192656.58293693783     
   193627.07592885784        193716.38352492554        193873.24595829990        194298.41283640088     
   195385.47693587633        195406.78162762191        195830.74160663856        196208.35226080506     
   196933.10692333290        196822.45531998909        197047.60028429143        197436.08291702077     
   198304.66681555222        198272.35025829179        198462.88624245685        198798.64038659880     
   199518.71212742754        199416.05654426853        199473.91934257676        199806.60865130063     
   200634.38612904688        200514.62971945209        200782.03368482899        201071.65148840769     
   201580.58287031628        201373.17089833214        201343.50950821963        201618.27501598824     
   202294.39564682893        202280.43087606769        202036.17726050876        202416.84931283491     
   202830.81874271095        202858.86555353252        202331.20975019314        202641.02661788295     
   203235.26935662920        203166.01329195843        202970.90140336545        203140.93567520331     
   203522.65558906918        203143.34804032277        203056.94604781215        203223.51053828440     
   203668.43472218074        203032.65819575128        203304.57011372884        203370.02808207960     
   203556.10404095420        202637.95805038468        202955.70207131599        202891.82597785484     
   203226.27187365730        202228.43563675025        202736.33725854114        202520.50611836943     
   202676.51528035448        201632.19021463490        201775.19413421006        201661.58898719802     
   201971.16073886876        201023.90719228389        201149.99214076376        201003.04044418331     
   201045.27524262734        200076.34434940747        200015.44674668778        199862.95560935291     
   199951.00577249832        198950.42059268869        198905.78820174272        198788.64779113437     
   198625.09452383302        197479.47841330909        197350.86078739318        197244.23447709129     
   197155.51860525363        195949.71382814739        196006.33621681435        195872.28687716660     
   195507.33849616218        194185.25585954031        194069.59978693837        194035.65013598357     
   193739.60082364260        192406.91773220012        192364.33751313813        192302.41830859319     
   191733.11183761319        190368.35795684080        190292.33211866056        190129.50230430873     
   189659.75799197113        188314.80894067584        188370.87869654383        188151.58444074116     
   187473.55345555692        186084.38262012339        186087.89149494574        185899.08208005119     
   185226.41711816171        183851.72825963821        183937.84469962626        183783.62414672968     
   182807.64160936046        181419.18354917580        181485.21479896505        181328.46225170331     
   180369.30388805646        179068.95071905458        179253.03482883674        179089.16118614908     
   177854.76290221160        176622.56819776399        176672.70006919955        176593.66946223372     
   175412.79251707951        174349.60458188801        174453.47962659679        174424.69648306249     
   172985.08551394512        172040.54823622524        172059.34246509577        172050.70384357037     
   170493.31285796204        169594.87348564266        169633.15333989827        169619.49303167939     
   168025.27599867215        167260.77242822852        167388.95285372119        167324.05127704900     
   165674.53643476381        165082.12693831933        165257.79248508302        165141.98355174452     
   163373.01226809918        162872.11303447629        162925.36611335535        162892.30270808146     
   161202.43341384837        160879.59907880740        160988.42795922968        160947.49329235373     
   159088.40995916163        158862.42198303595        158899.19454768856        158858.22531898439     
   157074.76630788008        156964.63835280799        157028.16178753084        157005.25480129968     
   155150.30891836470        155146.60890892654        155187.13751276030        155151.47281774579     
   153339.74049557699        153445.73603211026        153515.53788629675        153467.23172331994     
   151601.13238186197        151758.71608002367        151764.43577032947        151744.73710911340     
   149976.08590181265        150219.43574233147        150230.74272770167        150235.63577971581     
   148434.31302660328        148724.27003366331        148703.00740529201        148706.08620593505     
   147031.40077039195        147398.98594117764        147413.78460434871        147412.34862469384     
   145608.76590771959        145941.20884634036        145908.09836734374        145901.67412013060     
   144304.32054684623        144689.11240747347        144761.60805641543        144714.68724032855     
   143034.37035509982        143404.07975831252        143374.40448128505        143372.52825324048     
   141885.73105941512        142288.45269619243        142295.98734612486        142311.01596549503     
   140687.18123659189        141032.47217076656        141034.85135987602        140999.09578244577     
   139582.27902382961        139936.79968500894        140035.69362161399        139968.71005943872     
   138476.28349409378        138783.51486717173        138774.36546068930        138756.74646684865     
   137452.52612345750        137765.36251344622        137784.06674413985        137790.90026699379     
   136383.66894118817        136645.57176373946        136664.24916129271        136620.54800468503     
   135377.97234288004        135644.70796873866        135723.57811248771        135675.20732248799     
   134358.93047826548        134576.70341628333        134542.69690409166        134551.65524294000     
   133409.18104266832        133640.17059494264        133642.52020283180        133665.55022725518     
   132395.92334075787        132572.77969233229        132562.59309431500        132544.56385130718     
   131453.11706920326        131647.61539574529        131721.19289045813        131679.32119883705     
   130487.02069451140        130641.58646043658        130597.38466422434        130611.47597769756     
   129602.89978425977        129774.08111757865        129779.37564827030        129801.97965743595     
