          11
   0.0000000000000000        0.0000000000000000        0.0000000000000000        0.0000000000000000     
   788.61676202735862        1871.8867581187321        2038.9765296240660        2207.9782489344402     
   2171.0851754225782        3657.9847842457880        3599.5111813872427        3697.5574585893751     
   3676.1911999962713        5006.9644595483387        4953.8057947367042        5062.8879448601783     
   5345.1727553098463        6767.2973849374603        6767.5085874073520        6902.9106857171982     
   7259.0366688209378        8908.2030495585277        8911.3109227767363        9069.2558072225238     
   9516.7995781578229        11325.363535217826        11321.476211744866        11486.643618473925     
   12090.157120414211        14079.031014163631        14101.622991760520        14298.077137574661     
   14989.603461835510        17164.619172055915        17197.077037336636        17411.988704908068     
   18209.417681543808        20539.031748997619        20588.525234053293        20825.326076287824     
   21734.014798946930        24209.011790179789        24287.209208719920        24547.083634078466     
