          31
   0.0000000000000000        0.0000000000000000        0.0000000000000000        0.0000000000000000     
   788.61676202735862        1871.8867581187321        2038.9765296240660        2207.9782489344402     
   2171.0851754225782        3657.9847842457880        3599.5111813872427        3697.5574585893751     
   3676.1911999962713        5006.9644595483387        4953.8057947367042        5062.8879448601783     
   5345.1727553098463        6767.2973849374603        6767.5085874073520        6902.9106857171982     
   7259.0366688209378        8908.2030495585277        8911.3109227767363        9069.2558072225238     
   9516.7995781578229        11325.363535217826        11321.476211744866        11486.643618473925     
   12090.157120414211        14079.031014163631        14101.622991760520        14298.077137574661     
   14989.603461835510        17164.619172055915        17197.077037336636        17411.988704908068     
   18209.417681543808        20539.031748997619        20588.525234053293        20825.326076287824     
   21734.014798946930        24209.011790179789        24287.209208719920        24547.083634078466     
   25551.660464605717        28163.496385552477        28270.437506797472        28553.054568845979     
   29651.697077058823        32391.292421883620        32536.824241961644        32841.565194707502     
   34013.861308149375        36867.384163072893        37053.486848191642        37378.861534693191     
   38614.441254435085        41563.370780494224        41795.768891389605        42140.556763565415     
   43423.082463286039        46445.644253408478        46718.718546066935        47088.672606178079     
   48423.872358234410        51521.212478113666        51854.876245630505        52245.684258005982     
   53582.168669836414        56730.015343985258        57105.625417739742        57515.747746541500     
   58876.279006847661        62071.346965159435        62498.304733689918        62933.132578631608     
   64230.483238999404        67429.107831252957        67845.684928319257        68302.624565382561     
   69682.645213087089        72982.476419085069        73409.947067563815        73889.873776202599     
   75142.950067513681        78530.725489352131        78691.111492353157        79243.251700316134     
   80638.724587400822        84211.332825331177        84254.059157147261        84816.457875606269     
   86110.670601926337        89701.805437676841        89568.646203858691        90152.923549111103     
   91654.947566347182        95091.960040911188        95254.169080019594        95825.550231077548     
   97204.423966152011        100165.70500147404        100589.49191362185        101166.48882597826     
   102698.63945492756        105262.65188198561        106007.20944576045        106550.87648000769     
   107956.83291745039        110494.62132828894        110851.40322026856        111408.76562610599     
   112994.07543703633        116122.64870125754        115822.21857447643        116379.66312796397     
   117957.95249156088        121267.69312990396        120825.18071430456        121430.63399439486     
   122963.93844182213        125993.99910239840        126039.99914700726        126637.29109277978     
