          61
  -2.3112133597127517E-004   3.6494710860806976E-004   1.7694103882150440E-004   2.5745907814455043E-004
   8.0350918401387741        9.6574867461382645        3.7248376921103232        2.4390607997891030     
   16.876406614715165        12.032084643533540        4.2104965699267325        2.4792795025795420     
   24.966511079945704        14.887806875362237        5.7740904794770458        3.5000967539354630     
   33.615319547543642        18.961259049008206        7.4207395453723075        4.3969797860962725     
   42.953173003889070        23.451155968816323        9.3713571277813248        5.5470801238629797     
   53.785062366984675        28.074995987244236        11.357259265686908        6.6441027305231160     
   65.200582320685541        33.259931765014784        13.692644914011247        8.0014589837447652     
   77.625931711164128        38.649288362746432        16.074724523267559        9.3235675770310635     
   90.651428595447086        44.143226600363249        18.606544514611414        10.754021835148411     
   104.22014529604219        49.811263318633451        21.239294602482001        12.217214364422095     
   118.15659367069796        55.530996116145367        23.941508711111105        13.717743135283232     
   132.38083504064409        61.296727085475567        26.717724918841327        15.246817477169245     
   146.69630035874712        66.983372526359261        29.497317760822028        16.768146377226770     
   160.95610855086895        72.532363294237655        32.271862216105582        18.275624635050065     
   174.95288495946414        77.843779347102199        34.967768495924823        19.735163560134620     
   188.68969343973268        83.068440483967919        37.695245993165976        21.198799745745422     
   201.88220757246418        87.861060240657224        40.220997595169429        22.537877074485564     
   214.56128500541283        92.493923167078734        42.741341491508436        23.876250441921101     
   226.06606461036083        96.301150209289801        44.826074435068257        24.942583610319353     
   237.30725071050347        100.70748859828682        47.229681840822174        26.210326828348741     
   247.01578154046399        103.90749445102878        48.635968383380508        26.923361461247246     
   256.37322586573646        107.72808358933719        50.861250204038313        28.043102610795131     
   264.29509539630072        109.53742956832895        51.951351509509010        28.539965439684828     
   272.51799860635521        111.49912355918060        54.143755877793858        29.648000835771278     
   279.54582632395130        111.52578381903264        54.886916961915240        29.937003562369817     
   285.67018602700040        112.74610871308336        56.412401030359320        30.646943727153761     
   289.07106889315230        113.92762380067923        56.347433055408793        30.488474056028558     
   291.30731288284289        117.11000409089674        57.344038297526772        30.935424241310386     
   293.32746611875768        116.41480309948288        57.807511917223181        31.145755377361375     
   295.94091721620509        115.76005298639589        58.906059011515254        31.640692924957303     
   297.04652057369429        114.02309879824242        58.508112840562191        31.251065264204122     
   297.72540368648100        114.18944461551939        58.851797378583420        31.362494251956939     
   297.69516745620342        111.65852130047178        58.219863782702376        31.030175589028524     
   297.40959085416677        110.70220393236194        58.894535961509625        31.236430198780567     
   295.07695281198716        109.64954897045207        57.714472869604414        30.405329823595416     
   292.26716723482554        108.88712562668050        58.354445584842338        30.636547962533395     
   289.60723465358927        105.73055516231176        57.271939491933615        29.987777604783165     
   286.86093836146819        104.65691448512162        57.262384818082971        30.036698815451921     
   282.43641032640778        103.16023489579787        55.519600191337126        29.024484432491203     
   278.23708243983265        102.19655096074925        55.943115677359017        29.151795131208495     
   274.12402596608166        99.379018705384979        54.546357560479962        28.295828108781127     
   269.74716469779554        98.038636698001767        54.185873644956210        28.171209401470310     
   264.37065992695307        95.171308029852980        52.563971595327565        27.227846126509498     
   259.88555601197334        93.305271345427855        52.555673014269878        27.279100299804742     
   254.77785875278076        90.305650870915429        50.619639801298170        26.146515054596609     
   249.64095582613947        89.803922213306990        50.212920145275170        25.940843096429802     
   243.93669717402031        86.997645448401443        48.369743870396491        24.905534744682640     
   238.63986936007026        84.801012086926278        48.123159259297907        24.720038950402511     
   232.29766488181107        81.657223186215646        46.304944620740642        23.617624814728689     
   226.21237006526050        80.559645362234676        45.840811052403545        23.347247363363977     
   219.92590381467946        77.474566551721665        43.938195158935201        22.407030184463757     
   214.58816194794005        75.698667291957989        43.818184231544336        22.280807563859995     
   207.88987225666861        72.420476745335989        41.571605132127026        21.068875122852454     
   201.49400010101186        70.912580142359943        41.093374393660703        20.766866602745065     
   194.73128805538440        67.569838854890392        39.155615402259095        19.726080030019766     
   188.64272529150293        65.749866360236936        38.801406626118869        19.531692761213836     
   181.70522008911462        62.493506964692152        36.424252699707040        18.204324300511622     
   174.35138065867841        61.012767575069056        35.663781417097937        17.955086383108601     
   166.80509270240529        57.502567115641433        33.563425056771599        16.631325220554032     
   159.62785151756685        54.486817981257488        33.094599669945389        16.381403095628386     
