          11
  -2.3112133597127517E-004   3.6494710860806976E-004   1.7694103882150440E-004   2.5745907814455043E-004
   8.0350918401387741        9.6574867461382645        3.7248376921103232        2.4390607997891030     
   16.876406614715165        12.032084643533540        4.2104965699267325        2.4792795025795420     
   24.966511079945704        14.887806875362237        5.7740904794770458        3.5000967539354630     
   33.615319547543642        18.961259049008206        7.4207395453723075        4.3969797860962725     
   42.953173003889070        23.451155968816323        9.3713571277813248        5.5470801238629797     
   53.785062366984675        28.074995987244236        11.357259265686908        6.6441027305231160     
   65.200582320685541        33.259931765014784        13.692644914011247        8.0014589837447652     
   77.625931711164128        38.649288362746432        16.074724523267559        9.3235675770310635     
   90.651428595447086        44.143226600363249        18.606544514611414        10.754021835148411     
   104.22014529604219        49.811263318633451        21.239294602482001        12.217214364422095     
