          21
  -2.3112133597127517E-004   3.6494710860806976E-004   1.7694103882150440E-004   2.5745907814455043E-004
   8.0350918401387741        9.6574867461382645        3.7248376921103232        2.4390607997891030     
   16.876406614715165        12.032084643533540        4.2104965699267325        2.4792795025795420     
   24.966511079945704        14.887806875362237        5.7740904794770458        3.5000967539354630     
   33.615319547543642        18.961259049008206        7.4207395453723075        4.3969797860962725     
   42.953173003889070        23.451155968816323        9.3713571277813248        5.5470801238629797     
   53.785062366984675        28.074995987244236        11.357259265686908        6.6441027305231160     
   65.200582320685541        33.259931765014784        13.692644914011247        8.0014589837447652     
   77.625931711164128        38.649288362746432        16.074724523267559        9.3235675770310635     
   90.651428595447086        44.143226600363249        18.606544514611414        10.754021835148411     
   104.22014529604219        49.811263318633451        21.239294602482001        12.217214364422095     
   118.15659367069796        55.530996116145367        23.941508711111105        13.717743135283232     
   132.38083504064409        61.296727085475567        26.717724918841327        15.246817477169245     
   146.69630035874712        66.983372526359261        29.497317760822028        16.768146377226770     
   160.95610855086895        72.532363294237655        32.271862216105582        18.275624635050065     
   174.95288495946414        77.843779347102199        34.967768495924823        19.735163560134620     
   188.68969343973268        83.068440483967919        37.695245993165976        21.198799745745422     
   201.88220757246418        87.861060240657224        40.220997595169429        22.537877074485564     
   214.56128500541283        92.493923167078734        42.741341491508436        23.876250441921101     
   226.06606461036083        96.301150209289801        44.826074435068257        24.942583610319353     
   237.30725071050347        100.70748859828682        47.229681840822174        26.210326828348741     
