          51
   0.0000000000000000        0.0000000000000000        0.0000000000000000        0.0000000000000000     
   1994.8117418926872        1944.1128717870504        759.84893673502052        2015.0858530769708     
   3929.7978398291048        3787.8021049934282        1990.8018940230731        3801.0945857311408     
   5271.6929770857596        5163.2717423104768        3503.1728318555743        5150.0706348560898     
   7323.9742590204623        7039.2584284217000        5004.8654501688616        7048.6845765988428     
   9446.9067297881593        9183.1415392961881        6948.3312517637296        9193.7416177731757     
   11891.044311915188        11607.280102213956        9190.6736055207493        11629.764713774886     
   14693.111473834757        14373.659246473755        11753.125255976944        14418.049724256878     
   17807.083734526357        17464.369439487113        14642.480214183855        17516.722308270673     
   21217.160663024446        20849.176476182121        17856.861808451275        20913.072666570693     
   24921.261584496810        24534.274576951932        21379.244582234260        24592.326869010954     
   28937.937757794669        28513.448206974466        25187.590537197124        28530.893019402236     
   33317.042096465768        32778.885609667865        29241.199030546795        32674.732911526651     
   38113.502908538823        37327.633745338600        33488.730609257247        36964.955207240113     
   43248.541567894623        42221.357338472822        37915.899229270013        41470.689907383574     
   48547.184668949529        47479.268729253163        42534.249864805875        46300.235340984342     
   54000.151577726210        52938.614192799694        47317.265471529587        51424.942060108944     
   59647.065677922648        58474.561121478575        52235.866829551487        56787.061370801996     
   65458.786634512442        64069.955218905285        57280.409722876117        62277.404046297852     
   71344.521673500960        69724.689014431395        62432.792478673284        67723.940702632361     
   77274.046757423726        75472.151131557825        67693.882326639738        73033.946749022027     
   83204.489978563564        81259.821104851595        73024.305284857313        78299.559208354782     
   89059.915764164980        87008.329711138227        78397.228714807512        83764.230803875544     
   94781.853215826428        92748.034972979993        83780.652965727058        89497.387165676308     
   100380.34677606700        98501.998478698530        89151.381339653963        95383.840539984609     
   105876.05173071873        104086.15064303637        94496.452302745034        100982.92059401191     
   111370.48874687805        109474.70363681375        99762.137987135036        106226.48887527773     
   116785.21032137926        114786.63444317598        104933.37550020035        111414.70083198325     
   121934.13677562363        120104.92125717949        110077.35501748383        116781.63949922055     
   127028.25420296835        125258.02793365650        115070.92459367782        122200.62380885384     
   132149.02692079981        130070.64282287990        119882.53068999910        127178.48164816886     
   137066.77516256398        134999.98509230415        124609.66622828953        131875.18655372359     
   141558.24141529368        139737.53783769824        129356.50974000669        136528.71699912063     
   146247.57728211751        143937.27630408396        133893.89528447486        140866.76525894852     
   150809.40258371629        147899.26336310356        138222.85993392073        144829.76172369061     
   154942.86518025168        152279.89788661365        142462.04613863022        149363.15004746206     
   158808.36575454398        156366.02484584987        146627.52260128583        153608.71887377408     
   163191.96075670744        159639.70335691876        150425.95361312287        157028.75264428763     
   167035.16626441287        163423.94836932287        154167.61497706643        160898.91687838518     
   170037.33400667951        167508.86127294812        157981.17533514326        164762.11645723559     
   173813.37099980819        170395.42884796706        161470.16680654162        167489.80921446113     
   177560.36598356857        172814.78357572958        164803.63869328506        170192.39143428483     
   179631.41386966134        176524.67594664299        168291.84784776930        173976.78209506095     
   181981.30345575782        179843.93445823996        171593.92320669515        177322.35717877734     
   185309.47194427188        181733.65943883805        174349.04229421503        179633.33933238758     
   188070.24821287559        183893.12666744180        177008.83981027079        182076.79319959407     
   189625.79578823649        187456.53476005577        179974.19928648550        185098.42603079462     
   191943.12726582616        189610.61872463947        182574.12482148039        186835.07529221586     
   194748.33743865520        190571.76579351060        184721.85515766224        188410.17821129630     
   196063.87693629300        193068.68229744732        187042.68832810831        191331.09365394618     
   197274.42539472738        195676.67751225713        189399.35570631287        193717.40195274461     
