          21
   0.0000000000000000        0.0000000000000000        0.0000000000000000        0.0000000000000000     
   1994.8117418926872        1944.1128717870504        759.84893673502052        2015.0858530769708     
   3929.7978398291048        3787.8021049934282        1990.8018940230731        3801.0945857311408     
   5271.6929770857596        5163.2717423104768        3503.1728318555743        5150.0706348560898     
   7323.9742590204623        7039.2584284217000        5004.8654501688616        7048.6845765988428     
   9446.9067297881593        9183.1415392961881        6948.3312517637296        9193.7416177731757     
   11891.044311915188        11607.280102213956        9190.6736055207493        11629.764713774886     
   14693.111473834757        14373.659246473755        11753.125255976944        14418.049724256878     
   17807.083734526357        17464.369439487113        14642.480214183855        17516.722308270673     
   21217.160663024446        20849.176476182121        17856.861808451275        20913.072666570693     
   24921.261584496810        24534.274576951932        21379.244582234260        24592.326869010954     
   28937.937757794669        28513.448206974466        25187.590537197124        28530.893019402236     
   33317.042096465768        32778.885609667865        29241.199030546795        32674.732911526651     
   38113.502908538823        37327.633745338600        33488.730609257247        36964.955207240113     
   43248.541567894623        42221.357338472822        37915.899229270013        41470.689907383574     
   48547.184668949529        47479.268729253163        42534.249864805875        46300.235340984342     
   54000.151577726210        52938.614192799694        47317.265471529587        51424.942060108944     
   59647.065677922648        58474.561121478575        52235.866829551487        56787.061370801996     
   65458.786634512442        64069.955218905285        57280.409722876117        62277.404046297852     
   71344.521673500960        69724.689014431395        62432.792478673284        67723.940702632361     
   77274.046757423726        75472.151131557825        67693.882326639738        73033.946749022027     
