          91
   0.0000000000000000        0.0000000000000000        0.0000000000000000        0.0000000000000000     
   1994.8117418926872        1944.1128717870504        759.84893673502052        2015.0858530769708     
   3929.7978398291048        3787.8021049934282        1990.8018940230731        3801.0945857311408     
   5271.6929770857596        5163.2717423104768        3503.1728318555743        5150.0706348560898     
   7323.9742590204623        7039.2584284217000        5004.8654501688616        7048.6845765988428     
   9446.9067297881593        9183.1415392961881        6948.3312517637296        9193.7416177731757     
   11891.044311915188        11607.280102213956        9190.6736055207493        11629.764713774886     
   14693.111473834757        14373.659246473755        11753.125255976944        14418.049724256878     
   17807.083734526357        17464.369439487113        14642.480214183855        17516.722308270673     
   21217.160663024446        20849.176476182121        17856.861808451275        20913.072666570693     
   24921.261584496810        24534.274576951932        21379.244582234260        24592.326869010954     
   28937.937757794669        28513.448206974466        25187.590537197124        28530.893019402236     
   33317.042096465768        32778.885609667865        29241.199030546795        32674.732911526651     
   38113.502908538823        37327.633745338600        33488.730609257247        36964.955207240113     
   43248.541567894623        42221.357338472822        37915.899229270013        41470.689907383574     
   48547.184668949529        47479.268729253163        42534.249864805875        46300.235340984342     
   54000.151577726210        52938.614192799694        47317.265471529587        51424.942060108944     
   59647.065677922648        58474.561121478575        52235.866829551487        56787.061370801996     
   65458.786634512442        64069.955218905285        57280.409722876117        62277.404046297852     
   71344.521673500960        69724.689014431395        62432.792478673284        67723.940702632361     
   77274.046757423726        75472.151131557825        67693.882326639738        73033.946749022027     
   83204.489978563564        81259.821104851595        73024.305284857313        78299.559208354782     
   89059.915764164980        87008.329711138227        78397.228714807512        83764.230803875544     
   94781.853215826428        92748.034972979993        83780.652965727058        89497.387165676308     
   100380.34677606700        98501.998478698530        89151.381339653963        95383.840539984609     
   105876.05173071873        104086.15064303637        94496.452302745034        100982.92059401191     
   111370.48874687805        109474.70363681375        99762.137987135036        106226.48887527773     
   116785.21032137926        114786.63444317598        104933.37550020035        111414.70083198325     
   121934.13677562363        120104.92125717949        110077.35501748383        116781.63949922055     
   127028.25420296835        125258.02793365650        115070.92459367782        122200.62380885384     
   132149.02692079981        130070.64282287990        119882.53068999910        127178.48164816886     
   137066.77516256398        134999.98509230415        124609.66622828953        131875.18655372359     
   141558.24141529368        139737.53783769824        129356.50974000669        136528.71699912063     
   146247.57728211751        143937.27630408396        133893.89528447486        140866.76525894852     
   150809.40258371629        147899.26336310356        138222.85993392073        144829.76172369061     
   154942.86518025168        152279.89788661365        142462.04613863022        149363.15004746206     
   158808.36575454398        156366.02484584987        146627.52260128583        153608.71887377408     
   163191.96075670744        159639.70335691876        150425.95361312287        157028.75264428763     
   167035.16626441287        163423.94836932287        154167.61497706643        160898.91687838518     
   170037.33400667951        167508.86127294812        157981.17533514326        164762.11645723559     
   173813.37099980819        170395.42884796706        161470.16680654162        167489.80921446113     
   177560.36598356857        172814.78357572958        164803.63869328506        170192.39143428483     
   179631.41386966134        176524.67594664299        168291.84784776930        173976.78209506095     
   181981.30345575782        179843.93445823996        171593.92320669515        177322.35717877734     
   185309.47194427188        181733.65943883805        174349.04229421503        179633.33933238758     
   188070.24821287559        183893.12666744180        177008.83981027079        182076.79319959407     
   189625.79578823649        187456.53476005577        179974.19928648550        185098.42603079462     
   191943.12726582616        189610.61872463947        182574.12482148039        186835.07529221586     
   194748.33743865520        190571.76579351060        184721.85515766224        188410.17821129630     
   196063.87693629300        193068.68229744732        187042.68832810831        191331.09365394618     
   197274.42539472738        195676.67751225713        189399.35570631287        193717.40195274461     
   199304.06652199908        196547.32585226756        191234.80808940533        194767.70082748018     
   201134.93139059728        197673.94494078148        192894.38763745403        196342.18995544923     
   201680.31691991066        199937.21849340861        194732.04747760564        198403.74640462379     
   202647.60506897065        201377.64900233492        196341.13880817298        199421.33180544554     
   204272.78494119592        201459.21376350371        197543.33656599198        199825.91402535391     
   205196.77486041104        202046.50656309995        198696.23272535787        200850.84949424976     
   205172.00461902592        203581.11200208927        199924.74019112819        202198.73393384606     
   205395.85770480675        204487.93976399125        200896.11785107441        202894.67372674710     
   206069.25910327819        204168.33992114943        201499.65705824003        203127.14903266847     
   206383.18858189890        203963.88720320674        201957.70518418934        203394.10800981827     
   205925.63777512033        204525.16190378589        202414.52115190009        203651.89919064147     
   205435.22521141364        204784.84361114979        202663.87804730804        203546.42883032485     
   205206.26774031375        204046.04156645486        202578.64468034188        203149.73667113096     
   204779.63523318831        203074.77532199404        202286.36075736818        202654.08010773960     
   203777.06021045285        202487.66604498037        201930.13880092371        202081.09758299059     
   202424.20343648308        201879.51134174326        201448.05221391912        201302.43338282127     
   201067.92862857910        200751.26389667409        200709.72744235798        200228.39803795106     
   199747.01642044162        199238.74591239385        199689.69867772926        198920.36217425429     
   198274.45046793821        197656.70755441012        198449.72879143147        197491.93031023481     
   196528.40534665468        196057.55169216340        197051.06127563596        195952.34464236896     
   194553.13397662481        194373.95527367436        195511.72776438540        194295.62227190955     
   192464.38353533595        192499.28144274221        193799.57151253722        192441.24130605662     
   190336.20947903185        190419.91986747927        191911.23622473748        190415.57037165327     
   188137.29954782006        188212.49599503112        189870.55168901698        188283.60921322374     
   185861.95154527601        185923.97711939813        187700.16991507410        186048.32830106918     
   183526.10499925748        183583.36127137489        185425.98461125433        183749.78909029067     
   181134.75518568204        181197.03999468841        183064.22946233337        181401.57821700224     
   178721.97965994119        178789.26570323904        180631.17283934777        179000.45069388207     
   176325.39825536549        176386.91989059345        178157.03408499772        176598.24165071899     
   173949.12503344339        174008.12425722266        175662.45317611480        174205.80882891198     
   171588.86562585289        171663.90427515868        173168.12591818161        171838.82057001442     
   169254.77602259690        169364.76731392893        170694.18129947310        169510.50633022829     
   166971.71879096431        167114.64590275046        168253.86425159161        167227.91015528637     
   164756.64222914481        164924.21060832028        165860.63870521076        165002.35556521095     
   162640.88153453724        162822.59870486372        163538.89084469134        162870.08154832930     
   160616.89889381680        160797.06394249538        161302.52932653012        160823.46417340633     
   158674.66780339554        158832.96137735847        159159.02190373081        158852.13297602907     
   156817.13079831187        156942.14393955306        157110.56553205886        156962.03456590878     
   155044.16479412769        155143.14335756924        155160.60331642855        155155.54747708060     
   153354.00540791269        153439.47840968840        153310.65521593645        153436.60858585010     
