          11
   0.0000000000000000        0.0000000000000000        0.0000000000000000        0.0000000000000000     
   1994.8117418926872        1944.1128717870504        759.84893673502052        2015.0858530769708     
   3929.7978398291048        3787.8021049934282        1990.8018940230731        3801.0945857311408     
   5271.6929770857596        5163.2717423104768        3503.1728318555743        5150.0706348560898     
   7323.9742590204623        7039.2584284217000        5004.8654501688616        7048.6845765988428     
   9446.9067297881593        9183.1415392961881        6948.3312517637296        9193.7416177731757     
   11891.044311915188        11607.280102213956        9190.6736055207493        11629.764713774886     
   14693.111473834757        14373.659246473755        11753.125255976944        14418.049724256878     
   17807.083734526357        17464.369439487113        14642.480214183855        17516.722308270673     
   21217.160663024446        20849.176476182121        17856.861808451275        20913.072666570693     
   24921.261584496810        24534.274576951932        21379.244582234260        24592.326869010954     
