          11
   2.3238895368634865E-004   1.6074132941050806E-005  -1.4897332991473954E-004  -4.8690557524582271E-006
   10.291410810161922        2.1456640545386931        7.7433495646430330        3.6792006443781395     
   12.985842131618513        2.7714549594963129        15.237348267664844        4.6074602616630838     
   15.412127684661723        3.4704841706033265        24.267869291133682        5.8835615343255094     
   21.062659795126478        4.5649755272194366        31.005834086097760        7.8071342822920622     
   24.214260859431679        5.5657736168050969        41.956344549304241        9.5661662927121505     
   29.399954129960413        6.7362570375027193        52.078960440807840        11.660360774527938     
   34.256994568868130        7.9914639896938660        64.001116516090676        13.909816414440854     
   39.700139404039817        9.3380634057600531        76.323872453009443        16.305979667346232     
   45.093143815895729        10.721632349927015        89.560540049124825        18.801731038632994     
   50.751595331797319        12.170475894018328        103.18774826783185        21.385596213033889     
