          31
   2.3238895368634865E-004   1.6074132941050806E-005  -1.4897332991473954E-004  -4.8690557524582271E-006
   10.291410810161922        2.1456640545386931        7.7433495646430330        3.6792006443781395     
   12.985842131618513        2.7714549594963129        15.237348267664844        4.6074602616630838     
   15.412127684661723        3.4704841706033265        24.267869291133682        5.8835615343255094     
   21.062659795126478        4.5649755272194366        31.005834086097760        7.8071342822920622     
   24.214260859431679        5.5657736168050969        41.956344549304241        9.5661662927121505     
   29.399954129960413        6.7362570375027193        52.078960440807840        11.660360774527938     
   34.256994568868130        7.9914639896938660        64.001116516090676        13.909816414440854     
   39.700139404039817        9.3380634057600531        76.323872453009443        16.305979667346232     
   45.093143815895729        10.721632349927015        89.560540049124825        18.801731038632994     
   50.751595331797319        12.170475894018328        103.18774826783185        21.385596213033889     
   56.564059446535545        13.654658835891929        117.17151787091456        24.004358955886907     
   62.825291155688213        15.176925461282829        131.07351502010820        26.588030823861455     
   69.565029227151442        16.725577267893957        144.59335660981560        29.063011640323481     
   76.264016064438209        18.368728165251447        157.80409500755732        31.616074338958828     
   82.269634251989430        20.088503275037201        170.90392100702556        34.353260320388344     
   88.021295180554645        21.696262787229227        183.55938734781401        37.142099602063617     
   93.632400379639620        23.164453284530566        195.70718143478007        39.923801642556306     
   98.908348171889941        24.519746594714057        207.41512077253449        42.546742580661743     
   103.59123419869150        25.770654113675846        218.57469218090932        44.792990455212625     
   107.78219457567339        26.974978861939238        229.32277092621717        46.658453514469876     
   111.38198371845081        28.054130179336319        239.39072174863077        48.388467931272203     
   114.14513103366882        28.990668210858367        248.63290595479643        50.320030369836267     
   116.13826524937893        29.845371832722009        257.01391177036442        52.393388462948273     
   117.57074902821157        30.631601638300111        264.48078370556323        54.417326550791763     
   118.57020634863871        31.166087754260001        271.21407560951371        55.666658940857580     
   119.77821634189853        31.539070220306268        276.37638927182178        56.525470833729841     
   120.38312591676636        31.882889409914249        281.00658656725511        57.336936587821363     
   119.92049431578580        32.234310255502123        285.16009903444319        58.479843854047218     
   120.08511292643547        32.353214338043067        287.32487369486000        59.469499495881500     
   120.32692709037737        32.264014113746832        288.76040151739022        59.602998861436269     
