         111
   2.3238895368634865E-004   1.6074132941050806E-005  -1.4897332991473954E-004  -4.8690557524582271E-006
   10.291410810161922        2.1456640545386931        7.7433495646430330        3.6792006443781395     
   12.985842131618513        2.7714549594963129        15.237348267664844        4.6074602616630838     
   15.412127684661723        3.4704841706033265        24.267869291133682        5.8835615343255094     
   21.062659795126478        4.5649755272194366        31.005834086097760        7.8071342822920622     
   24.214260859431679        5.5657736168050969        41.956344549304241        9.5661662927121505     
   29.399954129960413        6.7362570375027193        52.078960440807840        11.660360774527938     
   34.256994568868130        7.9914639896938660        64.001116516090676        13.909816414440854     
   39.700139404039817        9.3380634057600531        76.323872453009443        16.305979667346232     
   45.093143815895729        10.721632349927015        89.560540049124825        18.801731038632994     
   50.751595331797319        12.170475894018328        103.18774826783185        21.385596213033889     
   56.564059446535545        13.654658835891929        117.17151787091456        24.004358955886907     
   62.825291155688213        15.176925461282829        131.07351502010820        26.588030823861455     
   69.565029227151442        16.725577267893957        144.59335660981560        29.063011640323481     
   76.264016064438209        18.368728165251447        157.80409500755732        31.616074338958828     
   82.269634251989430        20.088503275037201        170.90392100702556        34.353260320388344     
   88.021295180554645        21.696262787229227        183.55938734781401        37.142099602063617     
   93.632400379639620        23.164453284530566        195.70718143478007        39.923801642556306     
   98.908348171889941        24.519746594714057        207.41512077253449        42.546742580661743     
   103.59123419869150        25.770654113675846        218.57469218090932        44.792990455212625     
   107.78219457567339        26.974978861939238        229.32277092621717        46.658453514469876     
   111.38198371845081        28.054130179336319        239.39072174863077        48.388467931272203     
   114.14513103366882        28.990668210858367        248.63290595479643        50.320030369836267     
   116.13826524937893        29.845371832722009        257.01391177036442        52.393388462948273     
   117.57074902821157        30.631601638300111        264.48078370556323        54.417326550791763     
   118.57020634863871        31.166087754260001        271.21407560951371        55.666658940857580     
   119.77821634189853        31.539070220306268        276.37638927182178        56.525470833729841     
   120.38312591676636        31.882889409914249        281.00658656725511        57.336936587821363     
   119.92049431578580        32.234310255502123        285.16009903444319        58.479843854047218     
   120.08511292643547        32.353214338043067        287.32487369486000        59.469499495881500     
   120.32692709037737        32.264014113746832        288.76040151739022        59.602998861436269     
   119.47698485812093        32.445109540315663        289.86330803696416        59.647527267739626     
   117.48056354333643        32.314326504849319        291.51365763573671        59.809888105551771     
   117.85180459971662        31.787679897137529        291.30134555373456        59.398775904996128     
   116.63576969493202        31.337339673403605        289.56954135025489        58.638723456857967     
   114.05878684308632        31.461175275789827        288.58668555612189        59.286878058738552     
   111.80639605266151        30.994365578939288        287.21454998805211        58.726995027883568     
   113.68897573512756        30.039947721308163        282.91027398607520        57.406887487660427     
   109.38612982153373        30.108487803011233        280.71831607430408        57.547304047790078     
   104.99437344359150        30.065075736553432        278.82793887349493        57.066492657906920     
   106.47490638707927        28.783735382419298        274.08708581003714        54.880903195373918     
   104.98605954711087        27.831447217838562        270.20808908175894        53.865906969812393     
   96.189009013423146        28.403296418225114        269.15798589279512        54.593914859372191     
   94.566518311247137        27.747731957874961        265.30018884187609        53.599336657015499     
   95.766402502243494        26.238621869843382        258.03898372604033        51.720788626828778     
   92.888283973915492        25.744235971749802        253.04345551230466        50.876112952345565     
   85.551241924396493        26.463374743131567        251.20889099672223        50.803133225811017     
   86.479348486936146        24.964452717276348        245.09339559520265        48.090589636855043     
   86.707794520248811        23.465496217990520        237.49758424300882        46.777540044847953     
   79.135316643345249        23.994072619217636        234.36309740529185        47.603801341673545     
   75.687188404221530        23.637350844871268        230.25877776616124        46.311137787367393     
   76.993336537905478        21.860175439947692        222.29265859937451        43.812784416112414     
   74.320382916770868        21.370502856935758        216.02242102310402        43.298455248653063     
   67.299808453657874        21.683695926399803        212.14396489113497        42.899691770907062     
   66.457840196791835        20.670188692131397        205.88665058551777        40.611204719698847     
   66.801370614309050        18.977689871853094        197.92799608859667        38.515635824055074     
   62.828747216833051        18.491893039837294        191.87973920427535        37.838383700142643     
   56.916262239857900        18.619042417337987        187.05763756165155        37.230548725752968     
   54.705892038069670        17.762694003465544        180.09411111959994        35.520702778985758     
   53.896457600448649        16.178286979381220        171.84123628002652        33.789804723937777     
   50.860892947096353        15.366944134535910        164.40239710040055        32.437157212684575     
   45.581560398905665        15.217902311599016        158.08251934727556        31.140161404014385     
   42.388358822923252        14.473715887033567        150.42320829257761        29.384351766759575     
   40.646630302907013        13.045981917982978        141.51316323185600        27.614002778017525     
   37.590045425155523        11.956711650554459        132.81926604484332        25.978252329582489     
   33.020586542209443        11.350501446498397        125.06399643592700        24.418017699809656     
   28.357718679572908        10.619978607287194        117.11556498107021        22.712924269573040     
   24.946016615044190        9.5130667469153494        108.17547132855744        20.818291386727299     
   22.021710626400640        8.3677854329944594        98.510562264170602        18.901988427954940     
   18.814919314693732        7.3831153297948404        88.764960660215962        17.093102110807013     
   15.146792610080642        6.4888426692784940        79.259132942677567        15.327602872549321     
   11.350223486845399        5.6265084085097277        69.964719384438013        13.611349586729233     
   7.9362408939904654        4.6974156510588783        60.522443183096684        11.785753389668560     
   4.9580989552192856        3.7435010787914966        51.057216342920405        9.9897437899162167     
   2.1214300181342440        2.8336237267003392        41.754641499130052        8.2706305534048301     
 -0.52238097621748203        1.9769353745876577        32.710957101507340        6.5921288844723165     
  -2.9628860538975306        1.1905501495564834        24.088738537755791        5.0386751905066047     
  -5.2317494219763461       0.45780556925433846        15.877345414684340        3.5727606853058322     
  -7.1910541752117334      -0.19689409339009298        8.1716265274065485        2.1899568401366727     
  -8.7912076377673802      -0.77213079743682300        1.1232149111359864       0.96999711484043161     
  -10.129518576714824       -1.2637752138418463       -5.2570487430012873      -0.13311101060603886     
  -11.251990600558257       -1.6782753370958783       -10.899824707963713       -1.0889572699624699     
  -12.145047035419386       -2.0166208245063912       -15.777674001184637       -1.9127317457534874     
  -12.748120001058165       -2.2895695594852485       -19.917444755386626       -2.6069985466856198     
  -13.077596265588550       -2.4935771460642999       -23.311375594006734       -3.1717122676844940     
  -13.035013152375301       -2.6119017340631783       -25.866410012546421       -3.5634367735067638     
  -12.797991409352615       -2.6828875981884677       -27.649567169156970       -3.8457724853649808     
  -12.383216255199997       -2.7136952738558762       -28.701581842026691       -4.0259608444596715     
  -11.810929238087114       -2.6954653167868878       -29.119341913977642       -4.1066912901337504     
  -11.110033485929456       -2.6212806871147118       -28.939970971318807       -4.0985013037434443     
  -10.306019283869505       -2.5008736830222671       -28.239332257334702       -4.0037301143564994     
  -9.3387523830678347       -2.3323587751209347       -27.051104399862645       -3.8157334159196092     
  -8.3949392600850423       -2.1572166096244563       -25.430130264290728       -3.5605356141202469     
  -7.4144525038305495       -1.9636788076219909       -23.534391420710318       -3.2940909170613240     
  -6.4470489153566337       -1.7647137979070997       -21.391712202539029       -2.9903450877031736     
  -5.4866043739755730       -1.5552776682081697       -19.112772502766095       -2.6768624459364805     
  -4.5642617109764085       -1.3399477799659649       -16.724228964197646       -2.3496384042474423     
  -3.6958751691750429       -1.1361835600035670       -14.345256890189829       -2.0226412335316395     
  -2.8901989922099229      -0.93440982950835572       -11.987403409105468       -1.6949424022658057     
  -2.2738402358286245      -0.76103243434678336       -9.5216740174414802       -1.4324362415284213     
  -1.3155073973969083      -0.55858542277391376       -7.8255304936013941      -0.98929060725893425     
  -1.0432489008428247      -0.44613726724002328       -5.2152519992000794      -0.88813698151065457     
  -8.2566246634482088E-002 -0.19624585479447823       -4.1001471550337172      -0.36763166807813846     
   1.7434168592063144E-003 -0.18455939175214789       -1.6840143263792933      -0.38251299349786949     
  0.78669444510726327        8.1332060747947063E-002 -0.86853674297922734       0.11576734273426048     
  0.83563734050314342        6.3783126852590175E-002   1.1813677581427366        7.7893893940692849E-002
   1.4821824258717322       0.28102206301302468        1.7944145570277690       0.52382074021248848     
   1.5107169007549643       0.29552421059118233        3.4836058335141633       0.48523488163884643     
   2.0419956704662212       0.43875110490409175        3.9709379692595870       0.86702931619926915     
   2.0606560418911855       0.48872279721432910        5.3355746099924453       0.83347704949104773     
   2.4843304377073840       0.58075427434842219        5.7290478490278787        1.1647752833171465     
